================================================
posterior after first E step:  [[  2.34220818e-01   2.55466183e-03   4.82605453e-01   2.80619067e-01]
 [  5.87715682e-03   2.38072298e-03   7.73468657e-01   2.18273463e-01]
 [  1.63876013e-01   2.35233275e-01   1.96339225e-01   4.04551488e-01]
 [  2.38747663e-02   1.01361398e-01   5.15581992e-01   3.59181843e-01]
 [  4.69028485e-02   1.10475444e-02   8.45407598e-01   9.66420093e-02]
 [  2.65551679e-04   2.55171993e-01   4.38841867e-01   3.05720589e-01]
 [  4.01337614e-01   2.54532206e-03   1.94779449e-01   4.01337614e-01]
 [  3.24984520e-02   1.37973645e-01   4.88920131e-01   3.40607772e-01]
 [  1.10406518e-02   6.41977290e-03   4.91269788e-01   4.91269788e-01]
 [  2.27790286e-02   2.86034725e-01   4.91919241e-01   1.99267006e-01]
 [  3.56037605e-02   1.44223973e-02   7.68872772e-01   1.81101071e-01]
 [  2.52077300e-01   3.29407396e-03   1.22339586e-01   6.22289041e-01]
 [  6.47677668e-03   1.27330890e-03   8.52382182e-01   1.39867732e-01]
 [  4.80170001e-03   2.44241900e-02   2.13658594e-01   7.57115516e-01]
 [  1.00297753e-03   5.10171684e-03   8.04421137e-01   1.89474169e-01]
 [  5.63356627e-03   2.28204914e-03   7.41410697e-01   2.50673688e-01]
 [  3.23766656e-02   1.97309933e-01   4.87087926e-01   2.83225476e-01]
 [  1.48746051e-02   2.03721531e-03   3.21221092e-01   6.61867088e-01]
 [  2.99274762e-02   1.01185899e-02   3.13662047e-01   6.46291887e-01]
 [  2.11954376e-02   2.90291203e-03   3.18872915e-01   6.57028735e-01]]
LL after first E step:  -153.521305912
================================================
Mu after first M step:  [[1.9822721297687769 4.890533356851612 4.0 0.0 1.4321960587323017]
 [2.2194509470941037 0.0 2.0 3.8800274363735237 2.7826675011100677]
 [2.5957297925920924 4.704377271058617 3.4198001906023427
  3.8844165696503548 3.014048346579484]
 [2.1652420374826193 4.699464550818485 3.5959143460668295 4.207790617982362
  2.214937853444231]]
P after first M step:  [ 0.06733216  0.06519447  0.49315312  0.37432025]
Var after first M step:  [[1.6612424127624585]
 [1.8945950988404021]
 [0.6887506644057002]
 [0.7339008802399613]]
================================================
================================================
Mu:  [[1.9822721297687769 4.890533356851612 4.0 0.0 1.4321960587323017]
 [2.2194509470941037 0.0 2.0 3.8800274363735237 2.7826675011100677]
 [2.507683903615053 4.605706521505545 3.654286118153326 4.0082126700996925
  3.0746712669462513]
 [1.980822303574242 4.990397198990497 3.1008159969594593 3.951643053724552
  1.1264224403855503]]
P:  [1.587320261601749e-22 1.0320441783934146e-26 0.7488309492999516
 0.2511690507000486]
Var:  [[0.25]
 [2.134541520769243]
 [0.7106965983365998]
 [0.25]]
post:  [[3.6344262713666523e-22 1.8191677868657316e-29 0.259830092256294
  0.7401699077437062]
 [1.497690413965247e-37 3.2439979324339464e-29 0.9995961135073671
  0.0004038864926329838]
 [3.231167963228024e-29 7.181942233553472e-27 0.03366138646057223
  0.9663386135394274]
 [6.831641882983163e-45 2.8368074341494814e-26 0.9999112165913183
  8.878340868191232e-05]
 [7.937320601231852e-28 7.013056550351013e-28 0.9999999946109788
  5.389021514248484e-09]
 [3.541946368840596e-52 9.525741656483491e-26 0.999999999999881
  1.1958571589901062e-13]
 [2.469442975540784e-21 1.4583822312411577e-29 0.0226746173398002
  0.9773253826601999]
 [6.655014672471183e-38 4.4320939253648475e-27 0.9999990436504066
  9.563495937167164e-07]
 [4.5031786107771695e-31 5.764680356524622e-29 0.9987997038214257
  0.0012002961785747377]
 [1.6070955126998258e-30 3.4932205782924915e-26 0.9994222231379063
  0.00057777686209363]
 [2.7628686275854173e-32 3.2800827764660644e-28 0.9999507924133032
  4.920758669707592e-05]
 [3.4175409239703986e-22 1.98398487515815e-29 0.016964073165472614
  0.9830359268345275]
 [4.310382257219518e-40 4.438132832462325e-29 0.9999916184814145
  8.381518585688433e-06]
 [8.259526660437743e-43 2.9865376342514813e-27 0.9624517686429253
  0.03754823135707438]
 [8.835777301033104e-39 5.0141863086997635e-28 0.999999999997943
  2.0575327740193693e-12]
 [4.616525230770395e-38 2.0011863152973097e-29 0.9990987504497545
  0.0009012495502459005]
 [1.1747463847720102e-35 3.1214406270839924e-26 0.8951341801700763
  0.10486581982992356]
 [4.957613817982158e-43 5.390634946074508e-29 0.18214515406056375
  0.8178548459394366]
 [5.846646035801021e-43 2.33434548018672e-28 0.9996518891038472
  0.0003481108961530319]
 [2.152564648929141e-34 1.0990141087579276e-29 0.6073363681377812
  0.3926636318622186]]
LL:  [-105.74468999 -102.38713908 -100.9232494  -100.56259167 -100.47090375
 -100.42368902 -100.38105954 -100.32859548 -100.25305062 -100.13772224
  -99.96938468  -99.7654099   -99.59007391  -99.48719072  -99.43411118
  -99.40121808  -99.37525601  -99.35051058  -99.32374224  -99.2929043
  -99.25772483  -99.22114824  -99.18887591  -99.16500205  -99.15038884
  -99.14435203  -99.14159433  -99.14024756  -99.13956607  -99.13921164
  -99.13902311  -99.13892097  -99.13886483]
================================================
completed matrix:  [[ 2.  5.  3.  0.  0.]
 [ 3.  5.  0.  4.  3.]
 [ 2.  0.  3.  3.  1.]
 [ 4.  0.  4.  5.  2.]
 [ 3.  4.  0.  0.  4.]
 [ 1.  0.  4.  5.  5.]
 [ 2.  5.  0.  0.  1.]
 [ 3.  0.  5.  4.  3.]
 [ 0.  5.  3.  3.  3.]
 [ 2.  0.  0.  3.  3.]
 [ 3.  4.  3.  3.  3.]
 [ 1.  5.  3.  0.  1.]
 [ 4.  5.  3.  4.  3.]
 [ 1.  4.  0.  5.  2.]
 [ 1.  5.  3.  3.  5.]
 [ 3.  5.  3.  4.  3.]
 [ 3.  0.  0.  4.  2.]
 [ 3.  5.  3.  5.  1.]
 [ 2.  4.  5.  5.  0.]
 [ 2.  5.  4.  4.  2.]]
ground truth:  [[ 2.  5.  3.  4.  3.]
 [ 3.  5.  3.  4.  3.]
 [ 2.  4.  3.  3.  1.]
 [ 4.  4.  4.  5.  2.]
 [ 3.  4.  4.  4.  4.]
 [ 1.  5.  4.  5.  5.]
 [ 2.  5.  4.  5.  1.]
 [ 3.  4.  5.  4.  3.]
 [ 3.  5.  3.  3.  3.]
 [ 2.  5.  3.  3.  3.]
 [ 3.  4.  3.  3.  3.]
 [ 1.  5.  3.  5.  1.]
 [ 4.  5.  3.  4.  3.]
 [ 1.  4.  3.  5.  2.]
 [ 1.  5.  3.  3.  5.]
 [ 3.  5.  3.  4.  3.]
 [ 3.  5.  4.  4.  2.]
 [ 3.  5.  3.  5.  1.]
 [ 2.  4.  5.  5.  3.]
 [ 2.  5.  4.  4.  2.]]
================================================
rmse:  1.75214154679
================================================
